web-scraper-order,web-scraper-start-url,titl,imag-src,click,click-href,conte,revie,star,author
"1749177965-1","https://www.xiaohongshu.com/user/profile/5936acd482ec3908f7c910a7?xsec_token=ABki-a5XuLYZtLMVcLC8l5-qULciOFq-QRbg96kqYRrYI=&xsec_source=pc_collect","【原创乐高moc】健美先生","https://sns-webpic-qc.xhscdn.com/202506061045/5cd5b93a48a3ce9b899280df403a0ee5/1040g2sg31hce8me03u7049iqjhmd8457ge4isd8!nc_n_webp_mw_1","","https://www.xiaohongshu.com/user/profile/5936acd482ec3908f7c910a7/682189710000000012003280?xsec_token=ABcOLLOuoxTXeE3ThKl9HzEk-z-jz5K9bgXMa6K_vOcDU=&xsec_source=pc_user","#乐高moc #健身 #猛男 #人物 #原创 #积木搭建 #摆件","[{""revie"":""摸摸鱼这款如果微改成户愚吕更霸气05-21北京赞3积木圈之虎作者你别说～你还真别说～05-21上海赞回复展开 2 条回复""},{""revie"":""Wanefei哈哈 可以求图纸吗05-14四川赞2积木圈之虎作者这个在高砖上架了05-14上海赞回复展开 1 条回复""},{""revie"":""开心小奶酪太酷了05-12广东赞1积木圈之虎作者谢谢05-12上海赞回复""},{""revie"":""高砖积木仓库24小时内发货阿诺施瓦辛格05-26广东赞回复""}]","19","积木圈之虎"
"1749177967-2","https://www.xiaohongshu.com/user/profile/5936acd482ec3908f7c910a7?xsec_token=ABki-a5XuLYZtLMVcLC8l5-qULciOFq-QRbg96kqYRrYI=&xsec_source=pc_collect","【原创乐高moc】魂斗罗","https://sns-webpic-qc.xhscdn.com/202506061045/95511434f1dc2d119b337dac1858596c/1040g00831hcf2m6qju0049iqjhmd8457d8vrhvg!nc_n_webp_mw_1","","https://www.xiaohongshu.com/user/profile/5936acd482ec3908f7c910a7/6821901800000000120014af?xsec_token=ABcOLLOuoxTXeE3ThKl9HzEt6e6jpr2pM6QY4PT0uDSlM=&xsec_source=pc_user","#乐高moc #积木搭建 #怀旧游戏 #人物 #原创","[{""revie"":""刚刚好好棒！能不能把拳皇人物做立体化，八神草薙或者K来着。我是不是想多了05-16辽宁赞1积木圈之虎作者这个其实琢磨过，不过是浮雕式的模拟，真立体的还没找到满意的方式。拳皇角色的姿态太细腻了05-16上海1回复""},{""revie"":""摸摸鱼你再这么优秀我可就关注你啦05-16北京赞1积木圈之虎作者你再这么会说话我可就同意啦05-16上海1回复""},{""revie"":""酷乐星球双人闯关 快乐加倍05-13广东赞1积木圈之虎作者准备改条红裤子再水一篇05-13上海赞回复""},{""revie"":""长风过客牛逼从哪买05-25河北赞回复""},{""revie"":""李打呼上上下下左右左右BABA，我有30条命啦！05-15上海赞回复""}]","32","积木圈之虎"
"1749177974-3","https://www.xiaohongshu.com/user/profile/5936acd482ec3908f7c910a7?xsec_token=ABki-a5XuLYZtLMVcLC8l5-qULciOFq-QRbg96kqYRrYI=&xsec_source=pc_collect","【原创乐高moc】杜皮狗","https://sns-webpic-qc.xhscdn.com/202506061045/3316273d6df75a3f4dac10542276c3c0/1040g2sg31hcfnph03ie049iqjhmd8457jhjkpno!nc_n_webp_mw_1","","https://www.xiaohongshu.com/user/profile/5936acd482ec3908f7c910a7/6821957f0000000012007396?xsec_token=ABcOLLOuoxTXeE3ThKl9HzEgIQS9V6ZCl59eFqhlUdj_Q=&xsec_source=pc_user","#乐高moc #动画  #人物 #萌宠 #原创","[{""revie"":""引力波广播爱了 往哪儿打钱05-12上海赞1积木圈之虎作者你说这个我就不困了啊05-12上海赞回复""},{""revie"":""美味果果的榴莲！！肚皮！！！！！7天前四川赞回复""}]","37","积木圈之虎"
"1749177977-4","https://www.xiaohongshu.com/user/profile/5936acd482ec3908f7c910a7?xsec_token=ABki-a5XuLYZtLMVcLC8l5-qULciOFq-QRbg96kqYRrYI=&xsec_source=pc_collect","【原创乐高moc】申公豹","https://sns-webpic-qc.xhscdn.com/202506061045/4dd373664e25e3cfe0db9828bb1c00e4/1040g00831hde0cd0ju0049iqjhmd8457k769ggo!nc_n_webp_mw_1","","https://www.xiaohongshu.com/user/profile/5936acd482ec3908f7c910a7/68228d76000000000303ec56?xsec_token=ABTEWUYPVy06vVwq_f3xM3VcEMA1am_WESeSr3tpcMUeE=&xsec_source=pc_user","我才是十二金仙的最佳人选！#乐高moc #哪吒 #电影 #人物 #原创","[]","37","积木圈之虎"
"1749177984-5","https://www.xiaohongshu.com/user/profile/5936acd482ec3908f7c910a7?xsec_token=ABki-a5XuLYZtLMVcLC8l5-qULciOFq-QRbg96kqYRrYI=&xsec_source=pc_collect","【原创乐高moc】The Shot","https://sns-webpic-qc.xhscdn.com/202506061045/28f29f7c47f196707a901faa923ca9f5/1040g00831hdrtm4rjs0049iqjhmd84573gc1n9o!nc_n_webp_mw_1","","https://www.xiaohongshu.com/user/profile/5936acd482ec3908f7c910a7/6822ff74000000000303b5b5?xsec_token=ABTEWUYPVy06vVwq_f3xM3VUvI_k1XNqRQv5rpc_Fx1d8=&xsec_source=pc_user","#乐高moc #积木搭建 #积木画 #NBA #乔丹 #人物 #原创","[{""revie"":""38461有图纸分享嘛05-16山东赞8积木圈之虎作者高砖上架了05-16上海1回复展开 7 条回复""},{""revie"":""就是个玩儿爱看多发05-14黑龙江赞6积木圈之虎作者爱看谁啊05-15上海赞回复展开 5 条回复""},{""revie"":""东甲浪人真正的天才05-13广东赞2积木圈之虎作者如果是说他，那没毛病。如果是说我，那可不敢当05-13上海赞回复展开 1 条回复""},{""revie"":""我叫诗涵妹妹绝杀三分05-16福建赞1积木圈之虎作者帮主这球其实是两分05-16上海赞回复""},{""revie"":""李打呼太经典了太经典了05-15上海赞1积木圈之虎作者谢谢支持05-15上海赞回复""},{""revie"":""我不是你牛逼！05-15福建赞1积木圈之虎作者谢谢05-16上海赞回复""},{""revie"":""陶喆的腿毛牛逼05-14江西赞1积木圈之虎作者谢谢05-15上海赞回复""},{""revie"":""麦芽糖极其优秀，期待更多名场面05-14广东赞1积木圈之虎作者谢谢支持05-14上海赞回复""},{""revie"":""幼稚的中年人卧槽，强的离谱05-14四川赞1积木圈之虎作者谢谢05-14上海赞回复""},{""revie"":""Isaac*轩帅 05-13美国赞1积木圈之虎作者谢谢05-14上海赞回复""}]","70","积木圈之虎"
"1749177989-6","https://www.xiaohongshu.com/user/profile/5936acd482ec3908f7c910a7?xsec_token=ABki-a5XuLYZtLMVcLC8l5-qULciOFq-QRbg96kqYRrYI=&xsec_source=pc_collect","【原创乐高moc】火影-李洛克","https://sns-webpic-qc.xhscdn.com/202506061045/c6599e0f451378d0087c3aca49eca7a7/1040g00831heqad3fjo0049iqjhmd8457d0gr2m8!nc_n_webp_mw_1","","https://www.xiaohongshu.com/user/profile/5936acd482ec3908f7c910a7/6823f878000000001101f350?xsec_token=ABQUOXWrkD7vCq3n2zs3ax_TexcuVyxILyyLCZTWCei_0=&xsec_source=pc_user","我想证明，即便是不会忍术，不会幻术，也能成为一名优秀的忍者。这是我生命的全部，这就是我的忍道。#乐高moc #火影忍者 #木叶村 #人物 #原创","[{""revie"":""引力波广播木叶的苍绿野兽05-14上海赞2牢德moc那是迈特凯05-17河南赞回复展开 1 条回复""},{""revie"":""momo好牛05-24江西赞回复""},{""revie"":""阳光圣金刚超级喜欢05-23北京赞回复""}]","22","积木圈之虎"
"1749177994-7","https://www.xiaohongshu.com/user/profile/5936acd482ec3908f7c910a7?xsec_token=ABki-a5XuLYZtLMVcLC8l5-qULciOFq-QRbg96kqYRrYI=&xsec_source=pc_collect","【原创乐高moc】火影-李洛克-八门遁甲","https://sns-webpic-qc.xhscdn.com/202506061045/033f5439207f7a660ebfebf55d970be3/1040g00831hg1lbmr3u0049iqjhmd84575qd1g58!nc_n_webp_mw_1","","https://www.xiaohongshu.com/user/profile/5936acd482ec3908f7c910a7/68253ac3000000000303b73b?xsec_token=AB5HWcVJL1bgIo74hRt3zRRco8YR8fC4ZePolF0Om7N_s=&xsec_source=pc_user","第三重门，生门，开！#乐高moc #火影忍者 #木叶村 #人物 #原创","[{""revie"":""引力波广播加点tag05-15上海赞3积木圈之虎作者多谢施主05-15上海赞回复展开 2 条回复""},{""revie"":""我叫诗涵妹妹棒棒哒， 下面大面板垫一个， 没有的话我送你一个05-16福建赞1积木圈之虎作者那我可不客气啦05-16上海赞回复""},{""revie"":""李打呼这不比博燃？！！05-15上海赞1积木圈之虎作者早期的故事人物水准还是在线的05-15上海赞回复""},{""revie"":""抓叔放工玩乐高形象！05-15浙江赞1积木圈之虎作者谢谢05-16上海1回复""},{""revie"":""堆积ING真优秀的作品05-15广东赞1积木圈之虎作者谢谢支持05-15上海赞回复""},{""revie"":""幼稚的中年人多加点话题撒，这么优秀的作品没人看到太可惜了05-15四川赞1积木圈之虎作者莫得经验谢谢提醒05-15上海赞回复""}]","77","积木圈之虎"
"1749177999-8","https://www.xiaohongshu.com/user/profile/5936acd482ec3908f7c910a7?xsec_token=ABki-a5XuLYZtLMVcLC8l5-qULciOFq-QRbg96kqYRrYI=&xsec_source=pc_collect","【原创乐高moc】火影-三代目-猿飞老师","https://sns-webpic-qc.xhscdn.com/202506061045/8b66d7535f710597c2b351e24391a0c6/1040g2sg31hhg3b2uji7049iqjhmd845796e85k0!nc_n_webp_mw_1","","https://www.xiaohongshu.com/user/profile/5936acd482ec3908f7c910a7/6826b72c000000000f0314ad?xsec_token=ABD2iI4baMam7v6222XvwPZZHHeF1nyHeLVUEiMKFE46Q=&xsec_source=pc_user","只要有树叶飞舞的地方就会有火在燃烧，那火光会照耀着村子，然后新的树叶会再次萌芽#乐高moc #火影忍者 #木叶村 #人物 #释放拼搭原力 #原创","[{""revie"":""g.s优秀1天前浙江赞1积木圈之虎作者谢谢1天前上海赞回复""},{""revie"":""momo姿态绝了！蹲一个漩涡鸣人！1天前上海赞回复""},{""revie"":""momo这太还原了05-24江西赞回复""},{""revie"":""抓叔放工玩乐高好大只！05-16浙江赞回复""},{""revie"":""路人甲QQ酱05-16河南赞回复""}]","39","积木圈之虎"
"1749178004-9","https://www.xiaohongshu.com/user/profile/5936acd482ec3908f7c910a7?xsec_token=ABki-a5XuLYZtLMVcLC8l5-qULciOFq-QRbg96kqYRrYI=&xsec_source=pc_collect","【原创乐高moc】绝杀时刻","https://sns-webpic-qc.xhscdn.com/202506061045/632a0ee7613a56016d361eae8c23a624/1040g00831hhr78pu3q0049iqjhmd8457pjfh8j0!nc_n_webp_mw_1","","https://www.xiaohongshu.com/user/profile/5936acd482ec3908f7c910a7/6827124a000000001200361c?xsec_token=ABfMFASczvLtnYjr4X1tKdE7esGU7m_P3vxEb34aScUrk=&xsec_source=pc_user","#乐高moc #积木搭建 #积木画 #NBA #科比 #湖人 #人物 #曼巴精神 #原创","[{""revie"":""宇智波斑「秽土转生 解」我是最吉利的，我是第 88 个粉丝05-17山西赞2积木圈之虎作者财源广进05-17上海赞回复展开 1 条回复""},{""revie"":""杨力玮这是个人才啊05-19福建赞1积木圈之虎作者谢谢你05-19上海赞回复""},{""revie"":""天青色等烟雨真棒👍05-17上海赞1积木圈之虎作者谢谢支持05-17上海赞回复""},{""revie"":""Zack不想上班想踢球真的太棒了05-17浙江赞1积木圈之虎作者谢谢05-18上海赞回复""},{""revie"":""小天啥也不说了，记住，我是第55个粉丝05-16新疆赞1积木圈之虎作者以后回头看都是元老05-16上海赞回复""},{""revie"":""摸摸鱼发一次赞一次05-16北京赞1积木圈之虎作者多谢您捧场05-16上海1回复""},{""revie"":""花蚀玩乐高有创意！昨天 18:38上海赞回复""},{""revie"":""momo帅呀，请问上架了没有，我要买！1天前上海赞回复""},{""revie"":""93王工手指部分太神了5天前福建赞回复""},{""revie"":""爱喝可乐的七七绝绝子！05-23澳大利亚赞回复""}]","143","积木圈之虎"
"1749178009-10","https://www.xiaohongshu.com/user/profile/5936acd482ec3908f7c910a7?xsec_token=ABki-a5XuLYZtLMVcLC8l5-qULciOFq-QRbg96kqYRrYI=&xsec_source=pc_collect","【原创乐高moc】大力水手","https://sns-webpic-qc.xhscdn.com/202506061045/76acbaae8c72b1c544c9b4c5ce5fe5f9/1040g2sg31hj242k2joe049iqjhmd8457q5gviig!nc_n_webp_mw_1","","https://www.xiaohongshu.com/user/profile/5936acd482ec3908f7c910a7/682850f50000000012000e32?xsec_token=ABc8eFRywPyvbuBoU0LnC6QXlG5Hg779MlyeoDx-JkCTo=&xsec_source=pc_user","#乐高moc #积木 #怀旧 #卡通 #大力水手 #菠菜  #人物 #原创","[{""revie"":""引力波广播我愿称你为虎神05-17上海13积木圈之虎作者波神你好幸会幸会05-17上海赞回复展开 2 条回复""},{""revie"":""玩乐高的小某哥bricker31特别好05-17湖南赞1积木圈之虎作者谢谢05-18上海赞回复""},{""revie"":""Steven.Kin Chow66605-17上海赞1积木圈之虎作者谢谢05-18上海赞回复""},{""revie"":""小哆啦有百宝袋有图吗？05-24广东赞回复""}]","50","积木圈之虎"
"1749178014-11","https://www.xiaohongshu.com/user/profile/5936acd482ec3908f7c910a7?xsec_token=ABki-a5XuLYZtLMVcLC8l5-qULciOFq-QRbg96kqYRrYI=&xsec_source=pc_collect","【原创乐高moc】拳皇97-日本队","https://sns-webpic-qc.xhscdn.com/202506061045/33fc2f35cc4054fd316c0def29105bd6/1040g00831hno8g0h3s0g49iqjhmd84577qmr3c0!nc_n_webp_mw_1","","https://www.xiaohongshu.com/user/profile/5936acd482ec3908f7c910a7/682ae2f20000000012000247?xsec_token=ABfz608jtzaA_vwLCeT_ovp1pMurc9RnDDKjoTBK4ITk8=&xsec_source=pc_user","#拳皇 #乐高moc #怀旧游戏 #街机 #人物 #积木画 #原创 #草薙京 #二阶堂红丸 #大门五郎","[{""revie"":""Steven.Kin Chow人才啊05-19上海赞2积木圈之虎作者向大佬学习！05-19上海赞回复展开 1 条回复""},{""revie"":""刚刚好好棒！05-19辽宁赞1积木圈之虎作者谢谢05-19上海赞回复""},{""revie"":""东甲浪人你真的真的会成为moc明星05-19广东赞1积木圈之虎作者谢谢你的鼓励05-19上海赞回复""},{""revie"":""引力波广播风林火山 这不无敌了么！05-21上海赞回复""}]","29","积木圈之虎"
"1749178018-12","https://www.xiaohongshu.com/user/profile/5936acd482ec3908f7c910a7?xsec_token=ABki-a5XuLYZtLMVcLC8l5-qULciOFq-QRbg96kqYRrYI=&xsec_source=pc_collect","【原创乐高moc】邓肯","https://sns-webpic-qc.xhscdn.com/202506061045/ca7de8438e5797c0f9cb99450a628893/1040g2sg31hmfqstfjq3g49iqjhmd8457j0kvgh0!nc_n_webp_mw_1","","https://www.xiaohongshu.com/user/profile/5936acd482ec3908f7c910a7/682bd3ba000000000c038515?xsec_token=AB_Nym_u2upHckAKSRC92rKCguBsC_Cf_VjQZ9Ycr2-wc=&xsec_source=pc_user","#乐高moc #积木画 #NBA  #马刺 #GDP #蒂姆邓肯 #TimDuncan #球星 #人物 #原创","[{""revie"":""东甲浪人天啊，你创造了一个新系列05-20广东赞3积木圈之虎作者那可有点任重道远啊05-20上海赞回复展开 2 条回复""},{""revie"":""🌴 Chenideas🥥这个零件运用和颜色把握的真好05-20海南12积木圈之虎作者谢谢您的认可05-20上海赞回复展开 1 条回复""},{""revie"":""cloud D能不能出个纽约林书豪05-28湖北赞1积木圈之虎作者回头琢磨一下05-28上海赞回复""},{""revie"":""土黄卤蛋明暗做的很好05-22山东赞1积木圈之虎作者谢谢05-22上海赞回复""},{""revie"":""幼稚的中年人严禁如此优秀！！！05-20四川赞1积木圈之虎作者您捧场05-20上海赞回复""},{""revie"":""DR厉害 来个嘴哥的05-20湖北赞1积木圈之虎作者尊老爱幼嘛，退役的先来05-20上海赞回复""},{""revie"":""积木先生绝了05-20广东赞1积木圈之虎作者谢谢05-20上海赞回复""},{""revie"":""摸摸鱼严禁如此优秀05-20北京赞1积木圈之虎作者谢谢05-20上海1回复""},{""revie"":""Zack不想上班想踢球帅，喜欢这个系列05-20浙江赞1积木圈之虎作者谢谢支持05-20上海赞回复""},{""revie"":""真人东行来个麦迪05-23上海11momo顶顶顶！！！来个35秒13分的经典大跳投吧！1天前上海赞回复""}]","70","积木圈之虎"
"1749178023-13","https://www.xiaohongshu.com/user/profile/5936acd482ec3908f7c910a7?xsec_token=ABki-a5XuLYZtLMVcLC8l5-qULciOFq-QRbg96kqYRrYI=&xsec_source=pc_collect","【原创乐高moc】拳皇97-饿狼传说队","https://sns-webpic-qc.xhscdn.com/202506061045/18d449f697279300e6d96bf73b9e07c4/1040g00831hno8g0h3s1049iqjhmd8457jkosin0!nc_n_webp_mw_1","","https://www.xiaohongshu.com/user/profile/5936acd482ec3908f7c910a7/682c3204000000000c0390ad?xsec_token=ABJJYlvYQM9Lgm0vKyyPIqKRlCluf8NzUuEde_3z_c2I4=&xsec_source=pc_user","#乐高moc #怀旧游戏 #街机 #格斗游戏 #人物 #积木画 #特瑞 #安迪 #东丈 #原创","[{""revie"":""Bishop求店铺地址，赶紧的05-25北京赞回复""},{""revie"":""momo牛➕105-24江西赞回复""},{""revie"":""葫梨葫兔牛🐮05-23辽宁赞回复""}]","30","积木圈之虎"
"1749178028-14","https://www.xiaohongshu.com/user/profile/5936acd482ec3908f7c910a7?xsec_token=ABki-a5XuLYZtLMVcLC8l5-qULciOFq-QRbg96kqYRrYI=&xsec_source=pc_collect","【原创乐高moc】拳皇97-龙虎之拳队","https://sns-webpic-qc.xhscdn.com/202506061045/9a2549c88d3b5021566c66e160777f3e/1040g00831hno8g0h3s0049iqjhmd8457a6rafhg!nc_n_webp_mw_1","","https://www.xiaohongshu.com/user/profile/5936acd482ec3908f7c910a7/682d1ee40000000012006acb?xsec_token=AB9H1z9-UgKCo9e2XGq197ohjc_jOSBgJHVe2HSxmQVjY=&xsec_source=pc_user","#乐高moc #积木画 #怀旧游戏  #拳皇 #街机  #坂崎良 #罗伯特 #坂崎百合 #人物 #原创","[{""revie"":""摸摸鱼出个街霸系列吧05-21北京赞回复""},{""revie"":""刚刚好太好看了05-21辽宁赞回复""}]","22","积木圈之虎"
"1749178033-15","https://www.xiaohongshu.com/user/profile/5936acd482ec3908f7c910a7?xsec_token=ABki-a5XuLYZtLMVcLC8l5-qULciOFq-QRbg96kqYRrYI=&xsec_source=pc_collect","【原创乐高moc】终结者T-800","https://sns-webpic-qc.xhscdn.com/202506061045/1c78d9513d183ef40bbe909669e062e6/1040g00831ho368cr3q0049iqjhmd84575ohcdog!nc_n_webp_mw_1","","https://www.xiaohongshu.com/user/profile/5936acd482ec3908f7c910a7/682d786f000000000f03a12d?xsec_token=AB9H1z9-UgKCo9e2XGq197omiUKIfQiNd6AQ8cX37nbPQ=&xsec_source=pc_user","机车部分参考了市面产品，局部修改 #乐高moc #机车 #终结者 #施瓦辛格 #电影 #人物 #积木搭建 #原创","[{""revie"":""引力波广播真好 真棒05-21上海赞3积木圈之虎作者你也棒05-21上海赞回复展开 2 条回复""},{""revie"":""smile😝有图纸吗？可以卖零件吗2天前安徽赞回复""},{""revie"":""Onlyou有图纸嘛这个05-26广西赞回复""},{""revie"":""高砖积木仓库24小时内发货帅爆了05-25广东赞回复""},{""revie"":""海豹Will这特么太炸裂啊 哥们儿05-25新西兰赞回复""},{""revie"":""momo太牛了，每个作品都点了一遍赞👍🏻05-24江西赞回复""},{""revie"":""Superbear2015太棒了！05-23广东赞回复""},{""revie"":""老古（胡鑫色彩教学）太牛逼了05-23湖南赞回复""},{""revie"":""静静丸积木i'll be back～05-22马来西亚赞回复""},{""revie"":""Half_bricK有点意思05-21山西赞回复""}]","92","积木圈之虎"
"1749178038-16","https://www.xiaohongshu.com/user/profile/5936acd482ec3908f7c910a7?xsec_token=ABki-a5XuLYZtLMVcLC8l5-qULciOFq-QRbg96kqYRrYI=&xsec_source=pc_collect","【原创乐高moc】蜈蚣精","https://sns-webpic-qc.xhscdn.com/202506061045/3a0bf909e447870fd6f0be542dd05cd6/1040g2sg31hpga8h03qe049iqjhmd8457ol7okb0!nc_n_webp_mw_1","","https://www.xiaohongshu.com/user/profile/5936acd482ec3908f7c910a7/682eea18000000000f038903?xsec_token=ABFKu42IzwEhikw1i2WkSdfs2tJ02mktspIfQ585eo9H8=&xsec_source=pc_user","#乐高moc #积木搭建 #动画 #上影厂 #葫芦娃 #人物 #原创","[{""revie"":""小红薯613A5A8B真心发问05-23天津186吴阿迪今天也在减肥哈哈哈哈哈哈这个图收藏了05-24美国4回复展开 5 条回复""},{""revie"":""F很般配   回头我也来整个蜈蚣精7天前江苏赞1积木圈之虎作者再来几条养蛊了7天前上海赞回复""},{""revie"":""美味果果的榴莲得一凹！！！！！05-27四川赞2积木圈之虎作者05-29上海赞回复展开 1 条回复""},{""revie"":""otto非常还原了，不过这小细腿儿真的能站起来吗05-25陕西赞1积木圈之虎作者其实能的，哎你腿抖撒捏05-29上海赞回复""},{""revie"":""一朵小花卷儿好厉害👍🏻05-26天津赞1积木圈之虎作者谢谢05-29上海赞回复""},{""revie"":""马天明出小怪系列的定格动画绝对火05-23上海32积木圈之虎作者那不成翻拍葫芦娃了05-23上海赞回复展开 1 条回复""},{""revie"":""章鱼哥O_o出吗？喜欢05-22山东赞2积木圈之虎作者实体验证后发现结构稳定性不足，等解决了再考虑图纸吧05-22上海赞回复展开 1 条回复""},{""revie"":""Bill惟妙惟肖05-24北京赞1积木圈之虎作者谢谢05-29上海赞回复""},{""revie"":""手艺人Handsman重心倾倒问题怎么解决？05-23上海14积木圈之虎作者其实第一张的姿势重心没问题，但是目前这版节间连接薄弱，容易散05-23上海1回复展开 3 条回复""},{""revie"":""积木先生真的很有精髓05-22广东赞1积木圈之虎作者谢谢支持05-22上海赞回复""}]","581","积木圈之虎"
"1749178043-17","https://www.xiaohongshu.com/user/profile/5936acd482ec3908f7c910a7?xsec_token=ABki-a5XuLYZtLMVcLC8l5-qULciOFq-QRbg96kqYRrYI=&xsec_source=pc_collect","【原创乐高moc】拳皇97-新女性格斗家队","https://sns-webpic-qc.xhscdn.com/202506061045/94007e9b9d93df4fc4144cca45f93310/1040g2sg31hrkjnee3ie049iqjhmd8457iba18cg!nc_n_webp_mw_1","","https://www.xiaohongshu.com/user/profile/5936acd482ec3908f7c910a7/68311993000000000f03363e?xsec_token=AB21210t5LdTxfc3poJgc042w45NI8dZj4MjOFZ1RBexg=&xsec_source=pc_user","#乐高moc #积木画 #怀旧游戏 #街机 #拳皇 #人物 #神乐千鹤 #不知火舞 #琼 #原创","[{""revie"":""🔑锁匠Jackie604-786-8328图纸有吗？05-26加拿大赞回复""},{""revie"":""Steven.Kin Chow又来了又来了，每次都有惊喜05-24上海赞回复""}]","14","积木圈之虎"
"1749178048-18","https://www.xiaohongshu.com/user/profile/5936acd482ec3908f7c910a7?xsec_token=ABki-a5XuLYZtLMVcLC8l5-qULciOFq-QRbg96kqYRrYI=&xsec_source=pc_collect","【原创乐高moc】JOJO世界名画","https://sns-webpic-qc.xhscdn.com/202506061045/6df5c352793af4a9601954e0d88ea64b/1040g00831hsuf7ic3u0049iqjhmd8457ithlc08!nc_n_webp_mw_1","","https://www.xiaohongshu.com/user/profile/5936acd482ec3908f7c910a7/6832707c000000001200378d?xsec_token=ABLMuD7nJXzjA70K33iR0zdFf43YvaP9K4yv3a7Yfvstk=&xsec_source=pc_user","吼吼吼，DIO，你不仅不逃跑还要向我走过来吗？#乐高moc #积木画 #JOJO #星辰远征军 #迪奥 #承太郎 #人物 #原创","[{""revie"":""李打呼木大木大！05-25上海赞2积木圈之虎作者欧拉欧拉05-26上海赞回复展开 1 条回复""},{""revie"":""Steven.Kin Chow6666666605-28浙江赞回复""},{""revie"":""谷子MOC绝05-26广东赞回复""},{""revie"":""阿狐驴头dio的衣服太细节了05-25广东赞回复""},{""revie"":""MoveMOC呀嘞呀嘞打折05-25广东赞回复""},{""revie"":""浩瀚先生jo~~～jo!05-25广东赞回复""},{""revie"":""李睿智求上架05-25湖南1回复""},{""revie"":""幼稚的中年人神了！05-25四川赞回复""},{""revie"":""刚刚好哦啦哦啦05-25辽宁赞回复""}]","92","积木圈之虎"
"1749178052-19","https://www.xiaohongshu.com/user/profile/5936acd482ec3908f7c910a7?xsec_token=ABki-a5XuLYZtLMVcLC8l5-qULciOFq-QRbg96kqYRrYI=&xsec_source=pc_collect","【原创乐高moc】奥丽芙","https://sns-webpic-qc.xhscdn.com/202506061045/aaeded406eaf40bab201f3631c81877b/1040g00831hvftjrd680049iqjhmd8457fiie7q8!nc_n_webp_mw_1","","https://www.xiaohongshu.com/user/profile/5936acd482ec3908f7c910a7/68350bb9000000000f030a89?xsec_token=AB5qnXuZtW_GoDlGcuxu-_cslWo2IRQ57mekZ7PdaVj7s=&xsec_source=pc_user","#乐高moc #怀旧 #动画  #大力水手 #奥丽芙 #人物 #原创","[{""revie"":""November..这个我喜欢、凑齐大力水手和布鲁托、想要3天前浙江赞2积木圈之虎作者大力水手已经有了，布鲁托正在赶来3天前上海赞回复展开 1 条回复""}]","28","积木圈之虎"
"1749178057-20","https://www.xiaohongshu.com/user/profile/5936acd482ec3908f7c910a7?xsec_token=ABki-a5XuLYZtLMVcLC8l5-qULciOFq-QRbg96kqYRrYI=&xsec_source=pc_collect","【原创乐高moc】拳皇97-超能力战士队","https://sns-webpic-qc.xhscdn.com/202506061045/23692bfa78cb78fcf858fdc8c45cf9e1/1040g00831i0ujkq1nc0049iqjhmd8457f7t31s0!nc_n_webp_mw_1","","https://www.xiaohongshu.com/user/profile/5936acd482ec3908f7c910a7/68368a31000000000f032334?xsec_token=ABioVWLaRLmIZ2nD9bm_UHwCalV6zLvnM-PsvDJN2NDzc=&xsec_source=pc_user","#乐高moc #积木画 #怀旧游戏 #街机 #拳皇 #麻宫雅典娜 #椎拳崇 #镇元斋 #人物 #原创","[{""revie"":""Half_bricK裤裆放个剪刀会不会太危险了呀1天前山西赞1积木圈之虎作者哈哈哈还是你眼尖1天前上海赞回复""},{""revie"":""小雅守卫gba的雅雅05-29上海赞回复""}]","16","积木圈之虎"
"1749178062-21","https://www.xiaohongshu.com/user/profile/5936acd482ec3908f7c910a7?xsec_token=ABki-a5XuLYZtLMVcLC8l5-qULciOFq-QRbg96kqYRrYI=&xsec_source=pc_collect","【原创乐高moc】拳皇97-怒队","https://sns-webpic-qc.xhscdn.com/202506061045/0d3046a6fbdec7cedba5022fe750e175/1040g00831i241coq780049iqjhmd845718b1fdg!nc_n_webp_mw_1","","https://www.xiaohongshu.com/user/profile/5936acd482ec3908f7c910a7/6837bcd1000000001101ef50?xsec_token=ABqPgu8APVmBN4jCovc9Slu4siTxbHLsaiA1d0hxstxTs=&xsec_source=pc_user","#乐高moc #积木画 #怀旧游戏 #街机 #拳皇 #莉安娜 #拉尔夫 #克拉克 #人物 #原创","[{""revie"":""幼稚的中年人哈哈拉尔夫克拉克穿一条裤子05-29四川11积木圈之虎作者05-29上海赞回复""}]","21","积木圈之虎"
"1749178067-22","https://www.xiaohongshu.com/user/profile/5936acd482ec3908f7c910a7?xsec_token=ABki-a5XuLYZtLMVcLC8l5-qULciOFq-QRbg96kqYRrYI=&xsec_source=pc_collect","【原创乐高moc】拉面师傅","https://sns-webpic-qc.xhscdn.com/202506061045/3b5a8a72e47eb1634b32ad01b79c2362/1040g00831i3b3dja7e0049iqjhmd8457md8p170!nc_n_webp_mw_1","","https://www.xiaohongshu.com/user/profile/5936acd482ec3908f7c910a7/6838fcd30000000012005c4d?xsec_token=ABFvDxOAvIr-HOtHfiglYz2MuWIVvy4_LtlDOQcm_RcN8=&xsec_source=pc_user","#乐高moc #原创 #人物 #拉面 #生活 #积木搭建","[{""revie"":""美味果果的榴莲趁你没火之前能抽一个粉丝我 moc一个我的头像吗7天前四川赞3积木圈之虎作者难道火了之后就不可以了吗7天前上海赞回复展开 2 条回复""},{""revie"":""93王工好有意思啊6天前福建赞回复""},{""revie"":""eagle太厉害了7天前陕西赞回复""},{""revie"":""幼稚的中年人哈哈这个身材很形象7天前四川赞回复""},{""revie"":""老那太牛了7天前上海赞回复""},{""revie"":""时光剪影本人这是真的厉害👍7天前上海赞回复""}]","35","积木圈之虎"
"1749178072-23","https://www.xiaohongshu.com/user/profile/5936acd482ec3908f7c910a7?xsec_token=ABki-a5XuLYZtLMVcLC8l5-qULciOFq-QRbg96kqYRrYI=&xsec_source=pc_collect","【原创乐高moc】姚明","https://sns-webpic-qc.xhscdn.com/202506061045/6f9258bc876034778feccbacd5b3246d/notes_pre_post/1040g3k031i4grtqdn80049iqjhmd8457mg688ig!nc_n_webp_mw_1","","https://www.xiaohongshu.com/user/profile/5936acd482ec3908f7c910a7/683a32d6000000000303b7de?xsec_token=AB7NDXkhZovdYqdwrQO9uNn4D3m-wMlWbXAJGL46L-yNc=&xsec_source=pc_user","#乐高moc #人物 #原创 #积木画 #NBA #姚明 #火箭","[{""revie"":""Half_bricK哎呀，你是真虎6天前山西赞1积木圈之虎作者哈哈6天前上海赞回复""},{""revie"":""小红薯6401E8C66665天前浙江赞回复""}]","32","积木圈之虎"
"1749178075-24","https://www.xiaohongshu.com/user/profile/5936acd482ec3908f7c910a7?xsec_token=ABki-a5XuLYZtLMVcLC8l5-qULciOFq-QRbg96kqYRrYI=&xsec_source=pc_collect","【原创乐高moc】儿童节快乐","https://sns-webpic-qc.xhscdn.com/202506061045/34582ec32cbd2024189dc9fdf26799ec/1040g2sg31i60l4mnn80049iqjhmd845754o3bl8!nc_n_webp_mw_1","","https://www.xiaohongshu.com/user/profile/5936acd482ec3908f7c910a7/683bb9ad000000000303c946?xsec_token=ABKX9sHY32QPgyaxYNYJApMZOBL_qnBg5xezqjDfpUN3c=&xsec_source=pc_user","#乐高moc #人物 #原创 #日常生活 #儿童节 #糖葫芦","[{""revie"":""木子宏亮糖葫芦，这小孩哥的发型才是亮点1小时前吉林赞回复""},{""revie"":""太阳语雨有创意，小时候的回忆3天前上海赞回复""},{""revie"":""玩乐高的小某哥bricker31有意思4天前湖南1回复""}]","26","积木圈之虎"
"1749178079-25","https://www.xiaohongshu.com/user/profile/5936acd482ec3908f7c910a7?xsec_token=ABki-a5XuLYZtLMVcLC8l5-qULciOFq-QRbg96kqYRrYI=&xsec_source=pc_collect","【原创乐高moc】拳皇97-金队","https://sns-webpic-qc.xhscdn.com/202506061045/24fafc13f4287f963871bc85707f2b66/1040g00831i6gllp5700049iqjhmd8457ulpsl50!nc_n_webp_mw_1","","https://www.xiaohongshu.com/user/profile/5936acd482ec3908f7c910a7/683c3ce40000000012004be0?xsec_token=ABFq-I1x1wMAIZc4BMCJTh1CBh-a_gMorQeeJGuvqKDv0=&xsec_source=pc_user","#乐高moc #人物 #原创 #怀旧游戏 #街机 #拳皇 #金家潘 #陈国汉 #蔡宝奇","[]","10","积木圈之虎"
"1749178086-26","https://www.xiaohongshu.com/user/profile/5936acd482ec3908f7c910a7?xsec_token=ABki-a5XuLYZtLMVcLC8l5-qULciOFq-QRbg96kqYRrYI=&xsec_source=pc_collect","【原创乐高moc】拳皇97-大蛇队","https://sns-webpic-qc.xhscdn.com/202506061045/76646a40b35d968f9ff74bf7de53da94/1040g2sg31i8fjl4p7c0049iqjhmd84573uvim38!nc_n_webp_mw_1","","https://www.xiaohongshu.com/user/profile/5936acd482ec3908f7c910a7/683e4078000000000c039d1b?xsec_token=ABSwOewUL7keEK9rMxCsqMOi8yaZA3IOLwy1R3OOE414Y=&xsec_source=pc_user","#乐高moc #人物 #原创 #怀旧游戏 #街机 #拳皇 #七枷社 #夏尔米 #克里斯","[{""revie"":""太阳语雨3天前上海赞回复""}]","16","积木圈之虎"
"1749178091-27","https://www.xiaohongshu.com/user/profile/5936acd482ec3908f7c910a7?xsec_token=ABki-a5XuLYZtLMVcLC8l5-qULciOFq-QRbg96kqYRrYI=&xsec_source=pc_collect","【原创乐高moc】蝙蝠精","https://sns-webpic-qc.xhscdn.com/202506061045/2ba51f30bae110e2ddf1624312488de7/1040g00831i9pbgnc780049iqjhmd84576455078!nc_n_webp_mw_1","","https://www.xiaohongshu.com/user/profile/5936acd482ec3908f7c910a7/683f9673000000000c03a1ef?xsec_token=ABSOhKAkt_xzpNjLrdRnmD2NsLQqx6i_uZGFSdAzxfr6g=&xsec_source=pc_user","#乐高moc #人物 #原创 #积木搭建 #上影厂 #葫芦娃 #蝙蝠精","[{""revie"":""Half_bricK我想看蛇精1天前山西23积木圈之虎作者您就瞧好儿吧1天前上海1回复展开 2 条回复""},{""revie"":""Ryo叔的无限脑洞这个牛👍🏻昨天 11:43澳大利亚赞1积木圈之虎作者谢谢昨天 11:58上海赞回复""},{""revie"":""大米飯、绝了，画的像乐高moc一样1天前吉林32积木圈之虎作者1天前上海赞回复展开 1 条回复""},{""revie"":""纽村维尼乐高人好看[棒R]绝了[棒R]2天前新西兰赞回复""},{""revie"":""zxc我想要2天前河南赞回复""},{""revie"":""木子宏亮蛤蟆在网上混那么火你居然不做还有穿山甲，蝴蝶，蝎子和蛇精，最终小金刚会不会登场啊，还有那个罪恶之源的老爷爷2天前吉林赞2积木圈之虎作者别急一个一个来2天前上海赞回复展开 1 条回复""},{""revie"":""Steven.Kin Chow6662天前上海1回复""},{""revie"":""mike有图纸吗2小时前浙江赞回复""},{""revie"":""孟德尔耐心种豌豆这名字灵感是不是来自重案组之虎1天前广东赞1积木圈之虎作者我曹达虎一人做事一人当1天前上海赞回复""},{""revie"":""kid交出来昨天 08:44黑龙江赞回复""}]","149","积木圈之虎"
"1749178096-28","https://www.xiaohongshu.com/user/profile/5936acd482ec3908f7c910a7?xsec_token=ABki-a5XuLYZtLMVcLC8l5-qULciOFq-QRbg96kqYRrYI=&xsec_source=pc_collect","【原创乐高moc】拳皇97-97特别队","https://sns-webpic-qc.xhscdn.com/202506061045/e564555ed676adf6aae91dfea090b6d2/1040g00831ib96rjr080049iqjhmd8457idq4bbo!nc_n_webp_mw_1","","https://www.xiaohongshu.com/user/profile/5936acd482ec3908f7c910a7/68411e78000000000f03389d?xsec_token=ABtry8YO898XTJxy47ax7CjTTx0I2yuI-lohva-WAWBjg=&xsec_source=pc_user","#乐高moc #原创 #人物 #怀旧游戏 #街机 #拳皇 #山崎龙二 #布鲁玛丽 #比利凯恩","[]","5","积木圈之虎"
"1749178101-29","https://www.xiaohongshu.com/user/profile/5936acd482ec3908f7c910a7?xsec_token=ABki-a5XuLYZtLMVcLC8l5-qULciOFq-QRbg96kqYRrYI=&xsec_source=pc_collect","【原创乐高moc】麦迪时刻","https://sns-webpic-qc.xhscdn.com/202506061045/efd23bb586a85a710fac3f160dd51880/1040g2sg31icc8frfge7049iqjhmd8457qtcsfs0!nc_n_webp_mw_1","","https://www.xiaohongshu.com/user/profile/5936acd482ec3908f7c910a7/68423d9c000000000f03acce?xsec_token=ABFrsmVtcBUKJ8qxI_XfIKtE5CX0Pps79JTFz8Opsfo0A=&xsec_source=pc_user","#乐高moc #原创 #人物 #积木画 #NBA #火箭 #麦迪","[{""revie"":""niaboczhe非常传神1小时前北京赞1积木圈之虎作者谢谢支持1小时前上海赞回复""},{""revie"":""摸摸鱼优秀4分钟前北京赞回复""},{""revie"":""东甲浪人老师，就分享这一个图纸嘛，太多8090后粉丝1小时前广东赞1积木圈之虎作者等后面有时间整理一下再分享54分钟前上海1回复""},{""revie"":""花胶来个库里的吧10分钟前北京赞回复""},{""revie"":""幼稚的中年人TMC！！1小时前四川赞回复""},{""revie"":""阿段老哥 帅气51分钟前江苏赞回复""},{""revie"":""k2太帅了20分钟前江西赞回复""},{""revie"":""知觉打烊厉害👍43分钟前安徽赞回复""},{""revie"":""38461蹲上架高砖19分钟前山东赞回复""},{""revie"":""PACO完美1小时前广东赞回复""}]","27","积木圈之虎"
